$ANSIBLE_VAULT;1.1;AES256
66383339336437646263653266613963623039653734373265663831316265393536636265343430
6364326565643033643839373664623232313862303333320a613538613737336164396565363133
30396635653064643866633231653531323736343765623237623831393432303962363065383731
6366326366626164390a613933303966326539336265653834363764646165366538623137383563
33616664373366626631396635616235323632613863373061386538646462366665653066316361
34363865663032323730363536386635376138636561326237343366616630313761376133343833
34323539353935303834633561633366636263353132663261313766316433373130336333323763
36333163653639353034653662383564356562356432636439383166383632303763376366633034
63343433656533626133636136636437333938333531323464653261623738646333636562396564
33636533356264353266336163346530663462373736633266373432636464316666336566626439
31643866336534653339646132323230656437643263636239333064353737306366303930326536
33373363663866323761623931373465633836653266336361373662656536663732623239376238
65353563356331326662323263343766363936653331363063383131653835643462363364316238
31663532343966613036323034636332383233653364666632303064616132393861386433633661
39373961616435323662653461666465363330363532393739346664613239383338323330323665
62303136613162323362613931396137633231363031653034613138656635326231376166366565
35653861326461633330336431303333653439373037316238613964386531336532313165383738
64333362366132363166396630333931313332323439633061626562613565376236646230393766
32656665356439396534396430346438623864316165363862336139313764333364373963386537
63636636323561643830373864303366356531396165643738316331343737393762313432386336
62616435333735383931393064396262333066626234346439333461303461663130373533326235
62666636333739346237346639666132326563373564396562353663346164383962333733363338
61343739306233333764393734646130666533663132323332356530396662663639646566333263
63313233363335613636363635316138306231633538356132643964333561313133323765323939
30363933383635316237623535653036373534343137323863316232303733353832316239336233
35353932613438313237633035346261333138653164633863313364353931316433663561383733
65346439353565396664316361373536666130623037393964376661313662323838316363346531
34643839303436316663353761376265656562653534353334336161656265323661616638353936
37613966613139393363633264616437656336643365623338363838306164316465656639316538
31316539653965616665633366353138363038613061323166313935666530303532326130646536
63303631326361363766396439633034666639643037326236346164326537386232373037356366
63623437376233313339343062346230393936373339636230643436323335356536383138633136
39333064643639613930653863356338323761383232323138343536383234626632346537376535
61666663353930393665336663343064356662393866333563613662373233346261336164386235
62363331366366373565373464653238643335383766396132633630353632363266326262373639
63323365316530326332623035666461623139393435346563663330633432333435346236643763
37613835613633333132366536666132636438346431363766626161313534363661393963353765
65613164323134633031303465333266633234643330303638326231666438633466393630363937
66346637326635306633383733643064396230663066316564643936663965326164653261663236
65303966313036663161313161346438623932613233636331636432386236663464386438363238
33376361316530323930316263343761343032653063336237623562386633653065316566333232
31626333663265353434633466373832306433303864663433383039353735663265363130383338
65336531326137636561656565613937353039373962333766306561636365356361333465333536
38333932653639303731333961306136336462653332376633333734633834663562383264303238
63623863626439303332396237373536633532633631363063656633313363313062313433303535
34663062333939663764653435363336663561323863303239633632386136316365613263636338
39636139353235653931636634353234376662356130623138623838376139376164656439323961
39303830656139376165373632663961616432306264303165393663623934326635356437333361
63343861383761626461663365363837343139666538613936353165323630623332623462613761
66643063373862353235336633636565383466643230393331383135366438626331366637386463
36623361353637386439323732346634613233326266633563336461313730646336363639663163
38353732326165623366633639386636663133663564623239623562303965306364346430633039
65373431343364343666633362663336663533386434353062326538653135656534633733623831
31323932383034636638396433313239613932666561356263376563346632613862383335393935
66333537346130306636383839316536373162396132303930386237303631376362336430653635
62393532353862366163363139646139623030663533636666316135363236323563373461643162
35636135663962326432363865313865326331366665303266383933616538616461386437393234
30626366613631393435343365306438653636313637613864313162376361346665346630663134
30336232356430363963316631353237326435633835383561303735643235383962356263653731
33343436333864623435343935363062366133653139376563393734353665383765356634363764
63363735356634623130383565663436396461656430613237633936633338366235343631666238
38343531623765623739393130356236633434386663326437396162386333393934643638613264
33313836346361373161373861376664373966396463613662386239633233306466323666393966
34303935336166396637303961336336336563653266306438306434633137633961376435363433
31373930376533373765386663343930303765356563643734383461613761633332623833346262
33663466386630333634343938383164663161383963336663376331346239373232626339666631
62353539663963613731666339353761656562396265306339636264393464643262393938316366
33373066333238643735326633626335636335616161666165343333616539663762396638306663
38313063306332346434353936343138326634386266346532656363333961636630346364353563
31653966396463653764366436633466333136663139663561633864313962386564376534636431
33393932376366313262353739343162643737343630653363386438366437373837323136323661
33346339363738346361313562373564633163333634376138333266326661393735636431643062
38373238633434633336643834616331623562313831373662373662346535396562656534616466
65666238366266666430383136346562623235356634373662623963633934393834613334393862
66386630626261643335616535363134623339366463396663366335306431633934393661383939
38626339323161313031343164656266623561636633663134333634313435376236653039363065
63646566393434636361623466653937646538613061353839616665363036646331323639656266
66666236366130643633346464353762356134313536383231343762303332303962653039623334
35383533633065376561633663333934663365373262333238623036386363376331363435306363
39303535313735633534633231323264626263336335636538383066313239316562306462393232
63326666366332613835623932363930303038636333306339323066356538383366323930633235
32313063653134333134333930393631653563633435663239383666313939366663633837363230
61663063343962616435633837333535616163356536363065333536386339363864333465636332
66313838373430663461373563333731633836666665336638346137663031653861623032616436
38326264616532666534626631653033373632366164343233346362373465323331303631343538
31383732653630623537633461386234386437353330373331313337353433653061373364383066
64666566326663633537646534303861303037353537316230623238613838363833323966623238
34666161313035373061
