$ANSIBLE_VAULT;1.1;AES256
34646638343166653633613739366432333834616532623266333733393165356162363434636261
3838623766666430323231363163393734636633376237310a366131376235653135326263343134
30653663336330626334663336663135356465356461373935386333646434323761306132303564
3737333762343637620a643261363638663634343666613065306564303161323437613637333736
61306535616665656366353263616635333061393130303734376533323364313436313238353364
64383032353064613439643966613536386561343735336661376230383834613834643839346233
38313735356433643538343665316330653238333533353034353534383238343335376638373666
37356538373436383862336166336566626331656234633731636435666634323736356434333739
63613131343535353936623331363961316464626464636664653438366465613363333832643838
38326463663935306166373031653233373764343234636363303838633533393166343430663233
34663062613664306139663733303337656364386165333565303964393837653961393931633934
33383439626434653334663738373866643731663436656137363633626462313230613433383435
61306133343662353731373466646666393731626361323937623034646231653262396334376534
65303561633030303037323633333164613236343632616330353736373438353333343365643966
31623763623261326564343237613465333265323939333830373064333632646363343265323031
35323036346463653362643061623831663766386163313437613335643039333135386431303136
61336234383638623835303632633137306463363939393163653162666637333962666232303130
34333163636631336365333961303366326433373662643731343062656635383562333363313361
32346233333037316636646465316461383937643832313765336237656165643363633462643931
61373265636166363761656135373136323263633630653536336438663535613738343034633836
38633462316535343637346438326337343936643833323161383965663535326562653061393237
30663264356364313831643063383862396339306533313862626234333564303034313932303965
65363634363238366366393131313861303566633864636262336330383039326632343136393837
65656337343362616435623932643963393939656131303536343536326565363466623066333439
37666364623131653261613435633061383564393465373538353663653738393332643135653762
34323637333231643762373762363233383037356430393335643639323134303234333135386666
31663431356131656163653632353761393639353861316137396263323265323435646633643264
38306335306436313963663638313438643236313464336238656530303035333665363531353235
39316132303734336636666364653734623139653132646566666366376134613064356333316563
61616339303136383933326435376364386531613638326438323962626264656130343264613532
61663563383532613164363933653065343037393730373737653336623563626635376138633661
66353435313462623637383263626666356664363832613238353439623266303761613162356130
30326432653531626362633037366336346435353532623561313831626635643464636263376563
61396166313138383261633466393265623835323633653261343432316236303663303763613838
63366637633630316262663166316263663466633066643561643530343139393138393834626435
38363430623337393131373162396230353965616433616165643537323531383561323662613563
39646537633561356239653361323135326164323433653066356330653834633964336461366663
64353863333466326464326634356338393235343665363331626533616136326266306565313238
36613934623938663935656238383236396562323136343933313861643134313765376131303736
32396362623039306136303664326136636631373038646263653261316133383336396338326638
30343534346431343933383932313438336230393936373236353565363964333532306466363261
63666635653365373834356162303562613637306133343166623364616464613533633561353530
65646336363934316433646132613038613033316462646331613265346231346462353634663432
64336530336364663435373533616261326434396236393836373933343133323938383162643332
38653663353662383037646565663261306238376162366161373130383166306638376230373265
63643566383033366334623839653432316137646564633363393437323963306566383761316230
62626337666164613761323737323033666466373161656635633637313764633636663165356165
39313161633039343437303966633739393630303664373137656238333037626338353166633861
30653336333136366134373461303536336261376265346630373738643265656161646566643236
61373434376434356164316433313333343861313534333465316233323339373837383765363333
30373965323930316634313161313361353164613566623932666338666365386330653634326330
64663264333963646539363637343661303861323566633131663234663133633661663962366665
38633062623139336635646638303734653233363561653265303137666231623734393864353435
61306132643236393664333862393234343437623737353264373039383038353765326137323732
64663466366636376538613062306638653032613336663132366466363663643065393035386166
65616631663464313936336131336632313231333334353039383135393138633930613264393666
36306239373337633538656364393934623731333235363465376234323161343161346262393566
33633734333837646262376264316166373466396661383238313333316265323837666134383236
39643838373930326230356163393164623931386664613561373538363131653731306533636461
36633266363539636563303563356539363932373630323762303233383937363132353933313736
32646133346233343334393466396137333033306335653565623465623537396331383033623232
62343138323337366234333738613231353238343364386663633934666335383633616262386135
34366337313939306134663431323761356536623339326531343331616231343732633834386231
39343734626465323937623732613662336162333239316337613138663234653038343134636432
66373536643262333063343533383062656332383939376538333065393564316665663635393537
37393066323530336636376631346338393430663565666437343765666230376431306231376539
61633831336433363937613665636465346332376239353832633662323765396133313337656164
66633866373463656561653966646636316461356336636366313966313336313732366563303661
32373730386532633535666462653731303961653337623632376564353134656437363630333630
37636161376632376232643064346531353632313532316437343561303631343531313032383431
62623964623239333233346161666437616664656134346162613439353066633863373134643764
61313538386565343233363638386231643261643665623239316435653933336130333034326531
62326336336138343362323136656636323161613933396264623061626137646132636462353532
38323463653461663939353339666131386361316330396461616538376665333230616563396330
66343761353331656261626434313433343762323539363761383238373562623534343561666434
62326635633964646161363732393665636630653364396161396161376335393336636232306639
37653330336331656136383261643966666162343538303937623933653533353830376639643362
33653230616437613830386137333965636233356532653833626462633239303131656135393935
64356162633338353966666664373162393665376635326661366239353363613162363536656234
36663462646234643735393837346330383162353537396438383036386435623038353539396239
38363338646535626562306639623335616437396163313631633265616366636433333863653165
39383864303937326237316634346131363135643030373863363133363665316338613032646361
37353332386137373631353765363337366362643930636533616463613762313837323365656530
61333332346430313230353134336130343566613238333536363031643962633931316232386531
64343834623661633363363736373934386539636330326463353635376236343639326232633338
35393231326264343461626334376632396162653366633834616133633665303163336364346238
61306132643865666539613963633264336262323463303633616262386138623466333265376431
31376464306338626333376530636630333262313731383734306631333834663837333134383630
62313430386232643233623138616439366662653638353538373162316335373330643537316131
38383737383535653434633033666564623339373665633866373738383638366533346439653562
34623536653365353331623734666461653863616565613364343639616631393666306235393731
37616661383739636231376637643830393964353163363136616235346666343030646538626638
37646462373562376637393734353161383233643732313331346365613062316131353766333963
34646466613561336535393464643239643836663539333630643962656334336265636231393561
31323737393539323864636365633263633037386530306562363433633364633235396437326430
30626634666364376564656134626432323231323562356131353161306261643061626433323533
61626131316233393936313465353161623066363465303136663730326335663739346635323837
34356630646437383034653136333062646662393433356335343366663430356431336330313939
35336331616361313862616438346135643738653839623265633932623834343538663965323366
65343762633062333864376362326563643437323166343230336636326437313437376534623166
66363864613239613539393265373530326231373930666365373735343063336133623733633437
64326533356438636438353663396263656536316339316532303131333162376164656335323336
35633433616162303835376335316330356364333930333336306337393063373564656262356635
37363962366365666166643632336435396530373762643064353731626461373364656135633130
33306632616436313830616534633537323835396437386133376132386439636162326237356466
39356266306664313736636139383335646333396531666634646430313738373837313133396530
34633161363730313965353336643035633164613765356632373165366462383630373436646233
31616430626132346438313238373632323530316364356366636339333961333439626637316137
61663163346334653937353735663137656134613666303163376139346162373363313365656539
32373835633137333062623635343730373538343934326335326262623236306361646261396530
65663266633532643531613535383961363066323331393039366563623538383530316461653463
37623562373937613966343262366239653935616162643930653531386536323334653562643438
31343666613562343933306562363634666639376332663137333435346362336535346533316632
34366239333166326662336366616235323861333134383133343862613136626165373962386438
35353561343162383864353539353337643261393439353862656533303030653032316339343663
31383663363561363837386666326563383138313966313461633333653134613435383430646334
3735
