$ANSIBLE_VAULT;1.1;AES256
35623461393930363837346335333962363035386461613762353162653136356638633035666362
3565626432616631373666333039303039636463616539370a316138393337366432373538333964
31616532306233306363303430656164633039336137313635663432303066626230373235653866
3863363734376139660a343233373862336365323731663933613236376565373036386636653066
64336636323931616365383861633231613165613530626239393634656130343065396164363534
37343733646536623536653330323938396563656464333834383032663964333564363633633334
32343638343631343565313738646532323734623336323633643064356237653966303264353563
35643830383866313334373539626431653163643337643539343932613265633264383437306134
32343261313634623239613637636534396130393765386434343762643733336539393561343337
39626437353861373465316261343030656432666234323838313132333735363336363964313332
34633966393838303831653263326162646531373463356231313537383539343336373439663733
39363630633235623064653336623839396436383838383966323336643363393335646236366438
63323834373430383062353033656430636335333330363764333934366530626339303031383163
36343734616266356633663534336563333637303865366339353438616332656365663038356534
33353534383838316232666366303539656230666637326565643763363432373862303338356632
31373635643138356362323031616165333832663033353631316631653935383432383233653063
31653430326539316234346437616439363030393632353332663235303137333765393262393838
61363633653336386237346537643436636536333833663563323735353364313037303532666531
32353230666234666533316362343163356130656364646131386633393965383133373866643961
61336566306564376334333532303938333366306163656530333238326430303065356362313964
35623831643463376265303663353862646534326336663965303166626130616139646334343439
31373566386538613638326237356165616664346239666339326139396538636262653234313034
36333333663065653032363439386132653936653937313666393939313234343539663033643166
61366532326435363766373032623565393437643966646239666330383234623137343566313436
30306238653062386635333362643963346564643231653963373934306633356464353965633436
65316133363737326530613761343935633264613032366231353938376164323133393332366262
34393334636433623434383261633631316337616637666238393465613131323631353835363465
32616335653032653437
